  0   0.000   0.000   0   0    0  480
  1   5.525   6.750   6   6    0 1440
  2   0.366   6.249   1   1    0 1440
  3  -3.611  -2.115   5   5    0 1440
  4  -9.704  -1.154   6   6    0 1440
  5  -0.145  -2.659   6   6    0 1440
  6   6.602  -0.700   1   1    0 1440
  7  -9.417   1.315   3   3    0 1440
  8  -8.108  -0.165   1   1    0 1440
  9   8.740  -2.490   6  -6  196  211
 10  -5.203   8.897   1  -1  151  166
 11   5.734  -4.899   5  -5  252  267
 12   7.821  -6.475   6  -6  408  423
 13  -7.387  -2.528   6  -6  266  281
 14   2.965   3.351   1  -1  181  196
 15   0.841   6.832   3  -3  341  356
 16   6.128  -0.224   1  -1  173  188
 17   0.000   0.000   0   0    0  480