Solution found!

 Total cost is 344.834


Vehicle 1

Served nodes:
         0        17        37        12        19        39        32        13         4        24        33         5         8        25        28        14        34        20         1        21        40         7        27        18         9        38        29        41

Service Starting time at nodes:
            0   3.4000e+01   5.8650e+01   2.3106e+02   2.3600e+02   2.5133e+02   2.5638e+02   3.2100e+02   3.2778e+02   3.3145e+02   3.5106e+02   3.7917e+02   3.8727e+02   3.9996e+02   4.1700e+02   4.2482e+02   4.3297e+02   4.5500e+02   4.6634e+02   4.7436e+02   4.7862e+02   4.9097e+02   4.9980e+02   5.1600e+02   5.3748e+02   5.4737e+02   5.6256e+02   5.7915e+02

Loads of Vehicle after leaving nodes:
        0        1        0        1        2        1        0        1        2        1        0        1        2        1        0        1        0        1        2        1        0        1        0        1        2        1        0        0

Ride time of the served nodes
    5.0169         0         0    0.6720   17.7958         0    5.8319   26.7264   22.0840         0         0   22.3199   27.0557    5.1461         0         0   21.6495   28.3662   12.3304   20.6172

 
 
 
Vehicle 2

Served nodes:
         0         6        16        26        36        15        35         3        23         2        22        11        10        31        30        41

Service Starting time at nodes:
            0   7.6737e+01   8.2000e+01   9.3238e+01   1.0351e+02   1.7900e+02   1.9324e+02   2.3500e+02   2.6800e+02   4.1954e+02   4.2900e+02   5.2806e+02   5.4600e+02   5.6106e+02   5.7900e+02   5.8781e+02

Loads of Vehicle after leaving nodes:
        0        1        2        1        0        1        0        1        0        1        0        1        2        1        0        0

Ride time of the served nodes
         0    6.4568   30.0000         0         0   13.5013         0         0         0   30.0000   30.0000         0         0         0   11.2443   18.5138         0         0         0         0

 
 
 
