 0   0.000   0.000   0   0    0  480
 1   9.652  -6.043   2   2   24   39
 2  -4.214  -6.219   1   1   25   40
 3  -6.312   4.187   4   4  307  322
 4   9.505  -4.496   3   3  320  335
 5  -5.078   1.371   1   1  264  279
 6  -9.106   4.125   3   3  402  417
 7  -3.981   4.082   3   3  345  360
 8   1.023   5.440   2   2  163  178
 9  -8.475  -1.503   2  -2    0 1440
 10  4.906   3.128   1  -1    0 1440
 11  8.980   2.988   4  -4    0 1440
 12  2.914   0.820   3  -3    0 1440
 13  1.638   4.757   1  -1    0 1440
 14 -8.934  -5.149   3  -3    0 1440
 15  5.350  -0.199   3  -3    0 1440
 16  2.165  -4.790   2  -2    0 1440
 17  0.000   0.000   0   0    0  480