 0    -1.044    2.000  0  0    0 1440
 1    -7.667    9.934 10  1  325  358
 2    -2.067    5.789 10  1  111  152
 3    -5.204    0.657 10  1  395  421
 4    -4.138    5.082 10  1  386  401
 5    -9.194    2.759 10  1   86  114
 6    -6.512    3.021 10  1  409  426
 7     1.860    9.672 10  1  454  470
 8    -4.094    8.321 10  1  175  202
 9    -3.776   -3.333 10  1  416  453
 10    2.377    2.908 10  1  147  177
 11   -4.303    2.045 10  1  471  499
 12   -3.530   -2.490 10  1  321  346
 13    0.435    1.469 10 -1    0 1440
 14   -5.066   -2.313 10 -1    0 1440
 15   -2.283   -0.981 10 -1    0 1440
 16   -7.110   -1.862 10 -1    0 1440
 17   -0.785    3.207 10 -1    0 1440
 18    1.188   -2.493 10 -1    0 1440
 19   -1.893   -2.373 10 -1    0 1440
 20   -1.192    1.175 10 -1    0 1440
 21    2.984    1.163 10 -1    0 1440
 22    1.227   -5.581 10 -1    0 1440
 23   -3.793   -2.161 10 -1    0 1440
 24    4.288   -0.297 10 -1    0 1440
 25   -1.044    2.000  0  0    0 1440