  0   -1.044    2.000  0  0    0 1440
  1   -2.973    6.414 10  1    0 1440
  2   -3.066    0.546 10  1    0 1440
  3    5.164    0.547 10  1    0 1440
  4   -1.317    6.934 10  1    0 1440
  5   -6.741    6.832 10  1    0 1440
  6    4.891    0.627 10  1    0 1440
  7    0.524    2.226 10  1    0 1440
  8   -6.500    7.723 10  1    0 1440
  9   -0.417   -0.157 10  1    0 1440
 10    2.303    1.164 10  1    0 1440
 11    2.548    0.629 10  1    0 1440
 12   -4.261   -2.639 10  1    0 1440
 13   -5.476    1.437 10 -1  258  287
 14   -4.933    3.337 10 -1  329  361
 15    5.740    2.382 10 -1  209  252
 16   -2.275    5.541 10 -1  416  460
 17   -5.662    7.334 10 -1  305  349
 18   -3.856   -0.370 10 -1  432  458
 19   -1.678    1.954 10 -1  202  236
 20   -1.156    1.161 10 -1  225  252
 21   -4.655    9.797 10 -1  102  123
 22    1.623    0.932 10 -1  260  276
 23    0.129    0.735 10 -1  178  215
 24   -2.640    2.953 10 -1  381  397
 25   -1.044    2.000  0  0   0 1440