 0   0.00   0.00  0  0   0.00 480.00 
 1   5.53   6.75  6  6   0.00 1440.00 
 2   0.37   6.25  1  1   0.00 1440.00 
 3  -3.61  -2.12  5  5   0.00 1440.00 
 4  -9.70  -1.15  6  6   0.00 1440.00 
 5  -0.14  -2.66  6  6   0.00 1440.00 
 6   6.60  -0.70  1  1   0.00 1440.00 
 7  -9.42   1.31  3  3   0.00 1440.00 
 8  -8.11  -0.17  1  1   0.00 1440.00 
 9   0.20   6.64  4  4 243.85 355.10 
10  -0.43   8.07  4  4 388.68 402.37 
11  -6.01   0.92  6  6 188.10 226.97 
12   8.79   2.01  2  2 375.94 441.29 
13   6.66   7.88  2  2 326.10 378.35 
14   8.74  -2.49  6 -6 196.00 211.00 
15  -5.20   8.90  1 -1 151.00 166.00 
16   5.73  -4.90  5 -5 252.00 267.00 
17   7.82  -6.47  6 -6 408.00 423.00 
18  -7.39  -2.53  6 -6 266.00 281.00 
19   2.96   3.35  1 -1 181.00 196.00 
20   0.84   6.83  3 -3 341.00 356.00 
21   6.13  -0.22  1 -1 173.00 188.00 
22  -9.57  -4.25  4 -4   0.00 1440.00 
23  -6.36  -6.35  4 -4   0.00 1440.00 
24   1.35  -6.51  6 -6   0.00 1440.00 
25  -0.54   1.66  2 -2   0.00 1440.00 
26   2.55   6.04  2 -2   0.00 1440.00 
27   0.00   0.00  0  0   0.00 480.00 
