 0   0.000   0.000   0   0    0  480
 1   7.976  -9.000   3   1  276  291
 2  -2.610   0.039   3   1   32   47
 3   4.487   7.142   3   1  115  130
 4   8.938  -4.388   3   1   14   29
 5  -4.172  -9.096   3   1  198  213
 6   7.835  -9.269   3   1  160  175
 7   2.792  -7.944   3   1  180  195
 8   5.212   9.271   3   1  366  381
 9   4.404  -1.952   3  -1    0 1440
10   0.673   6.283   3  -1    0 1440
11   7.032   2.808   3  -1    0 1440
12  -0.694  -7.098   3  -1    0 1440
13   3.763  -7.269   3  -1    0 1440
14   6.634  -7.426   3  -1    0 1440
15  -9.450   3.792   3  -1    0 1440
16  -8.819  -4.749   3  -1    0 1440
17   0.000   0.000   0   0    0  480
